TABLE NO.     1: First Order Conditional Estimation with Interaction: Problem=1 Subproblem=0 Superproblem1=0 Iteration1=0 Superproblem2=0 Iteration2=0
 NAME         THETA1       THETA2       THETA3       SIGMA(1,1)   SIGMA(2,1)   SIGMA(2,2)   OMEGA(1,1)   OMEGA(2,1)   OMEGA(2,2)   OMEGA(3,1)   OMEGA(3,2)   OMEGA(3,3)
 THETA1        1.24286E-02  7.97383E-02 -2.73578E-03  5.27676E-05  0.00000E+00 -7.06480E-05 -1.58070E-04  4.21419E-04 -1.91262E-04  0.00000E+00  0.00000E+00  3.84651E-05
 THETA2        7.97383E-02  8.05985E+00  7.13966E-02  8.34493E-04  0.00000E+00  3.67851E-04  3.00670E-03 -3.40637E-03  1.40949E-03  0.00000E+00  0.00000E+00  1.40599E-03
 THETA3       -2.73578E-03  7.13966E-02  1.20445E-02  1.04022E-05  0.00000E+00 -2.17549E-05  1.70911E-04 -1.56936E-04  9.10353E-05  0.00000E+00  0.00000E+00  4.61682E-04
 SIGMA(1,1)    5.27676E-05  8.34493E-04  1.04022E-05  3.64203E-05  0.00000E+00 -3.15537E-05  1.00182E-05  4.68488E-07 -2.36388E-05  0.00000E+00  0.00000E+00 -4.43585E-05
 SIGMA(2,1)    0.00000E+00  0.00000E+00  0.00000E+00  0.00000E+00  0.00000E+00  0.00000E+00  0.00000E+00  0.00000E+00  0.00000E+00  0.00000E+00  0.00000E+00  0.00000E+00
 SIGMA(2,2)   -7.06480E-05  3.67851E-04 -2.17549E-05 -3.15537E-05  0.00000E+00  8.48418E-05 -7.00783E-05  2.78967E-06  2.64255E-05  0.00000E+00  0.00000E+00  2.73563E-05
 OMEGA(1,1)   -1.58070E-04  3.00670E-03  1.70911E-04  1.00182E-05  0.00000E+00 -7.00783E-05  2.53567E-03  7.65601E-04  1.39220E-04  0.00000E+00  0.00000E+00 -5.01376E-04
 OMEGA(2,1)    4.21419E-04 -3.40637E-03 -1.56936E-04  4.68488E-07  0.00000E+00  2.78967E-06  7.65601E-04  9.81882E-04  5.47238E-04  0.00000E+00  0.00000E+00  9.98880E-05
 OMEGA(2,2)   -1.91262E-04  1.40949E-03  9.10353E-05 -2.36388E-05  0.00000E+00  2.64255E-05  1.39220E-04  5.47238E-04  1.35031E-03  0.00000E+00  0.00000E+00  2.20227E-04
 OMEGA(3,1)    0.00000E+00  0.00000E+00  0.00000E+00  0.00000E+00  0.00000E+00  0.00000E+00  0.00000E+00  0.00000E+00  0.00000E+00  0.00000E+00  0.00000E+00  0.00000E+00
 OMEGA(3,2)    0.00000E+00  0.00000E+00  0.00000E+00  0.00000E+00  0.00000E+00  0.00000E+00  0.00000E+00  0.00000E+00  0.00000E+00  0.00000E+00  0.00000E+00  0.00000E+00
 OMEGA(3,3)    3.84651E-05  1.40599E-03  4.61682E-04 -4.43585E-05  0.00000E+00  2.73563E-05 -5.01376E-04  9.98880E-05  2.20227E-04  0.00000E+00  0.00000E+00  3.16722E-03
