TABLE NO.     1: First Order Conditional Estimation with Interaction: Problem=1 Subproblem=0 Superproblem1=0 Iteration1=0 Superproblem2=0 Iteration2=0
 NAME         THETA1       THETA2       THETA3       SIGMA(1,1)   SIGMA(2,1)   SIGMA(2,2)   OMEGA(1,1)   OMEGA(2,1)   OMEGA(2,2)   OMEGA(3,1)   OMEGA(3,2)   OMEGA(3,3)
 THETA1        1.11484E-01  2.51937E-01 -2.23603E-01  7.84304E-02  0.00000E+00 -6.87993E-02 -2.81574E-02  1.20635E-01 -4.66875E-02  0.00000E+00  0.00000E+00  6.13079E-03
 THETA2        2.51937E-01  2.83899E+00  2.29150E-01  4.87065E-02  0.00000E+00  1.40671E-02  2.10320E-02 -3.82911E-02  1.35108E-02  0.00000E+00  0.00000E+00  8.79990E-03
 THETA3       -2.23603E-01  2.29150E-01  1.09747E-01  1.57058E-02  0.00000E+00 -2.15208E-02  3.09264E-02 -4.56352E-02  2.25735E-02  0.00000E+00  0.00000E+00  7.47497E-02
 SIGMA(1,1)    7.84304E-02  4.87065E-02  1.57058E-02  6.03493E-03  0.00000E+00 -5.67640E-01  3.29664E-02  2.47741E-03 -1.06595E-01  0.00000E+00  0.00000E+00 -1.30607E-01
 SIGMA(2,1)    0.00000E+00  0.00000E+00  0.00000E+00  0.00000E+00  0.00000E+00  0.00000E+00  0.00000E+00  0.00000E+00  0.00000E+00  0.00000E+00  0.00000E+00  0.00000E+00
 SIGMA(2,2)   -6.87993E-02  1.40671E-02 -2.15208E-02 -5.67640E-01  0.00000E+00  9.21096E-03 -1.51089E-01  9.66535E-03  7.80732E-02  0.00000E+00  0.00000E+00  5.27732E-02
 OMEGA(1,1)   -2.81574E-02  2.10320E-02  3.09264E-02  3.29664E-02  0.00000E+00 -1.51089E-01  5.03554E-02  4.85206E-01  7.52385E-02  0.00000E+00  0.00000E+00 -1.76920E-01
 OMEGA(2,1)    1.20635E-01 -3.82911E-02 -4.56352E-02  2.47741E-03  0.00000E+00  9.66535E-03  4.85206E-01  3.13350E-02  4.75259E-01  0.00000E+00  0.00000E+00  5.66428E-02
 OMEGA(2,2)   -4.66875E-02  1.35108E-02  2.25735E-02 -1.06595E-01  0.00000E+00  7.80732E-02  7.52385E-02  4.75259E-01  3.67465E-02  0.00000E+00  0.00000E+00  1.06492E-01
 OMEGA(3,1)    0.00000E+00  0.00000E+00  0.00000E+00  0.00000E+00  0.00000E+00  0.00000E+00  0.00000E+00  0.00000E+00  0.00000E+00  0.00000E+00  0.00000E+00  0.00000E+00
 OMEGA(3,2)    0.00000E+00  0.00000E+00  0.00000E+00  0.00000E+00  0.00000E+00  0.00000E+00  0.00000E+00  0.00000E+00  0.00000E+00  0.00000E+00  0.00000E+00  0.00000E+00
 OMEGA(3,3)    6.13079E-03  8.79990E-03  7.47497E-02 -1.30607E-01  0.00000E+00  5.27732E-02 -1.76920E-01  5.66428E-02  1.06492E-01  0.00000E+00  0.00000E+00  5.62781E-02
